[gd_scene load_steps=17 format=2]

[ext_resource path="res://Scenes/Player/Player.tscn" type="PackedScene" id=1]
[ext_resource path="res://Scenes/Floor.tscn" type="PackedScene" id=2]
[ext_resource path="res://Scenes/Obstacle.tscn" type="PackedScene" id=3]
[ext_resource path="res://Scenes/Wall.tscn" type="PackedScene" id=4]
[ext_resource path="res://Scenes/Main/Main.gd" type="Script" id=5]
[ext_resource path="res://Scenes/Obstacle_Big.tscn" type="PackedScene" id=6]
[ext_resource path="res://Models/shotgun/shotgun.glb" type="PackedScene" id=7]
[ext_resource path="res://Models/rocketlauncher/rocketlauncher.glb" type="PackedScene" id=8]
[ext_resource path="res://Scripts/GammaFix.gd" type="Script" id=9]
[ext_resource path="res://Models/uzigoldlongsilencer/uzigoldlongsilencer.glb" type="PackedScene" id=10]
[ext_resource path="res://Models/machinegun/machinegun.glb" type="PackedScene" id=11]
[ext_resource path="res://Scripts/Weapon_Rotate.gd" type="Script" id=12]
[ext_resource path="res://Models/snipercamo/snipercamo.glb" type="PackedScene" id=13]
[ext_resource path="res://Scenes/Ladder.tscn" type="PackedScene" id=14]
[ext_resource path="res://Sounds/sliding.wav" type="AudioStream" id=15]
[ext_resource path="res://Sounds/shoot.wav" type="AudioStream" id=16]

[node name="Main" type="Spatial"]
script = ExtResource( 5 )

[node name="GammaFix" type="Node" parent="."]
script = ExtResource( 9 )
path = ""
reverse = false
fix = false

[node name="DirectionalLight" type="DirectionalLight" parent="."]
transform = Transform( 1, 0, 0, 0, 0.898794, 0.438371, 0, -0.438371, 0.898794, 0, 0, 0 )
light_indirect_energy = 0.0

[node name="Player" parent="." instance=ExtResource( 1 )]
transform = Transform( 1, 0, 0, 0, 1, 0, 0, 0, 1, -18, 0.9, -18 )

[node name="Player2" parent="." instance=ExtResource( 1 )]
transform = Transform( 1, 0, 0, 0, 1, 0, 0, 0, 1, 0, 1.2905, 4.93809 )
controlled = false

[node name="Floor" parent="." instance=ExtResource( 2 )]
transform = Transform( 1, 0, 0, 0, 1, 0, 0, 0, 1, 0, -1, 0 )

[node name="Obstacle" parent="." instance=ExtResource( 3 )]
transform = Transform( 1, 0, 0, 0, 1, 0, 0, 0, 1, 10, 1.5, 7 )

[node name="Obstacle2" parent="." instance=ExtResource( 3 )]
transform = Transform( 0.961698, 0, 0.27411, 0, 1, 0, -0.27411, 0, 0.961698, 3.69101, 1.5, -12.9522 )

[node name="Obstacle3" parent="." instance=ExtResource( 3 )]
transform = Transform( 0.916921, 0, -0.399069, 0, 1, 0, 0.399069, 0, 0.916921, -14.4473, 0.517651, 5.02844 )

[node name="Obstacle_Big" parent="." instance=ExtResource( 6 )]
transform = Transform( 0.948576, -0.080703, 0.306086, 0.196185, 0.908734, -0.368391, -0.24842, 0.409497, 0.877837, -14.1793, 1.21835, -4.3626 )

[node name="Obstacle_Big2" parent="." instance=ExtResource( 6 )]
transform = Transform( 1, 0, 0, 0, 0.999999, 0, 0, 0, 1, 7, 5, -2 )

[node name="Obstacle_Big3" parent="." instance=ExtResource( 6 )]
transform = Transform( 0.92639, 0, -0.376564, 0, 0.999999, 0, 0.376564, 0, 0.92639, -5.2281, 5, 14.2972 )

[node name="Wall" parent="." instance=ExtResource( 4 )]

[node name="Wall2" parent="." instance=ExtResource( 4 )]
transform = Transform( -1.62921e-07, 0, 1, 0, 1, 0, -1, 0, -1.62921e-07, 0, 0, 0 )

[node name="Wall3" parent="." instance=ExtResource( 4 )]
transform = Transform( -1, 0, -3.25841e-07, 0, 1, 0, 3.25841e-07, 0, -1, 0, 0, 0 )

[node name="Wall4" parent="." instance=ExtResource( 4 )]
transform = Transform( 1.19249e-08, 0, -1, 0, 1, 0, 1, 0, 1.19249e-08, 0, 0, 0 )

[node name="shotgun" parent="." instance=ExtResource( 7 )]
transform = Transform( 1, 0, 0, 0, 1, 0, 0, 0, 1, -1.80711, 0.742, -12.7191 )
script = ExtResource( 12 )

[node name="machinegun" parent="." instance=ExtResource( 11 )]
transform = Transform( 1, 0, 0, 0, 1, 0, 0, 0, 1, 2.37862, 0.517749, 16.371 )
script = ExtResource( 12 )

[node name="uzigoldlongsilencer" parent="." instance=ExtResource( 10 )]
transform = Transform( 1, 0, 0, 0, 1, 0, 0, 0, 1, 16.9808, 0.6525, 4.55256 )
script = ExtResource( 12 )

[node name="rocketlauncher" parent="." instance=ExtResource( 8 )]
transform = Transform( 1, 0, 0, 0, 1, 0, 0, 0, 1, -15.0687, 0.72246, 14.2884 )
script = ExtResource( 12 )

[node name="snipercamo" parent="." instance=ExtResource( 13 )]
transform = Transform( 1, 0, 0, 0, 1, 0, 0, 0, 1, 13.2547, 0.759133, -10.2919 )
script = ExtResource( 12 )

[node name="Ladder" parent="." instance=ExtResource( 14 )]
transform = Transform( 1, 0, 0, 0, 1, 0, 0, 0, 1, 1.9, 5, -4 )

[node name="AudioStreamPlayer" type="AudioStreamPlayer" parent="."]
stream = ExtResource( 15 )
volume_db = -25.242

[node name="AudioStreamPlayer2" type="AudioStreamPlayer" parent="."]
stream = ExtResource( 16 )
