[gd_scene load_steps=14 format=2]

[ext_resource path="res://Scenes/Player/Player.tscn" type="PackedScene" id=1]
[ext_resource path="res://Scenes/Floor.tscn" type="PackedScene" id=2]
[ext_resource path="res://Scenes/Obstacle.tscn" type="PackedScene" id=3]
[ext_resource path="res://Scenes/Wall.tscn" type="PackedScene" id=4]
[ext_resource path="res://Scenes/Main/Main.gd" type="Script" id=5]
[ext_resource path="res://Scenes/Obstacle_Big.tscn" type="PackedScene" id=6]
[ext_resource path="res://Models/shotgun/shotgun.glb" type="PackedScene" id=7]
[ext_resource path="res://Models/rocketlauncher/rocketlauncher.glb" type="PackedScene" id=8]
[ext_resource path="res://Scripts/GammaFix.gd" type="Script" id=9]
[ext_resource path="res://Models/uzigoldlongsilencer/uzigoldlongsilencer.glb" type="PackedScene" id=10]
[ext_resource path="res://Models/machinegun/machinegun.glb" type="PackedScene" id=11]
[ext_resource path="res://Scripts/Weapon_Rotate.gd" type="Script" id=12]
[ext_resource path="res://Models/snipercamo/snipercamo.glb" type="PackedScene" id=13]

[node name="Main" type="Spatial"]
script = ExtResource( 5 )

[node name="GammaFix" type="Node" parent="."]
script = ExtResource( 9 )

[node name="DirectionalLight" type="DirectionalLight" parent="."]
transform = Transform( 1, 0, 0, 0, 0.898794, 0.438371, 0, -0.438371, 0.898794, 0, 0, 0 )
light_indirect_energy = 0.0

[node name="Player" parent="." instance=ExtResource( 1 )]
transform = Transform( 0.707107, 0, 0.707107, 0, 1, 0, -0.707107, 0, 0.707107, -18, 1, -18 )
gravity = 18.0

[node name="Floor" parent="." instance=ExtResource( 2 )]
transform = Transform( 1, 0, 0, 0, 1, 0, 0, 0, 1, 0, -1, 0 )

[node name="Obstacle" parent="." instance=ExtResource( 3 )]
transform = Transform( 1, 0, 0, 0, 1, 0, 0, 0, 1, 10, 1.5, 7 )

[node name="Obstacle2" parent="." instance=ExtResource( 3 )]
transform = Transform( 0.961698, 0, 0.27411, 0, 1, 0, -0.27411, 0, 0.961698, 3.69101, 1.5, -12.9522 )

[node name="Obstacle3" parent="." instance=ExtResource( 3 )]
transform = Transform( 0.916921, 0, -0.399069, 0, 1, 0, 0.399069, 0, 0.916921, -14.4473, 1.5, 5.02844 )

[node name="Obstacle_Big" parent="." instance=ExtResource( 6 )]
transform = Transform( 0.885714, 0.232909, 0.401576, 0.159198, 0.660193, -0.73403, -0.43608, 0.71407, 0.547664, -14.7274, -2.58764, -4.84143 )

[node name="Obstacle_Big2" parent="." instance=ExtResource( 6 )]
transform = Transform( 0.9828, 0, -0.184672, 0, 0.999999, 0, 0.184672, 0, 0.9828, 6.83784, 5, -2.18504 )

[node name="Obstacle_Big3" parent="." instance=ExtResource( 6 )]
transform = Transform( 0.92639, 0, -0.376564, 0, 0.999999, 0, 0.376564, 0, 0.92639, -5.2281, 5, 14.2972 )

[node name="Wall" parent="." instance=ExtResource( 4 )]

[node name="Wall2" parent="." instance=ExtResource( 4 )]
transform = Transform( -1.62921e-07, 0, 1, 0, 1, 0, -1, 0, -1.62921e-07, 0, 0, 0 )

[node name="Wall3" parent="." instance=ExtResource( 4 )]
transform = Transform( -1, 0, -3.25841e-07, 0, 1, 0, 3.25841e-07, 0, -1, 0, 0, 0 )

[node name="Wall4" parent="." instance=ExtResource( 4 )]
transform = Transform( 1.19249e-08, 0, -1, 0, 1, 0, 1, 0, 1.19249e-08, 0, 0, 0 )

[node name="shotgun" parent="." instance=ExtResource( 7 )]
transform = Transform( 1, 0, 0, 0, 1, 0, 0, 0, 1, -1.80711, 0.742, -12.7191 )
script = ExtResource( 12 )

[node name="machinegun" parent="." instance=ExtResource( 11 )]
transform = Transform( 1, 0, 0, 0, 1, 0, 0, 0, 1, 2.37862, 0.517749, 16.371 )
script = ExtResource( 12 )

[node name="uzigoldlongsilencer" parent="." instance=ExtResource( 10 )]
transform = Transform( 1, 0, 0, 0, 1, 0, 0, 0, 1, 16.9808, 0.6525, 4.55256 )
script = ExtResource( 12 )

[node name="rocketlauncher" parent="." instance=ExtResource( 8 )]
transform = Transform( 1, 0, 0, 0, 1, 0, 0, 0, 1, -15.0687, 0.72246, 14.2884 )
script = ExtResource( 12 )

[node name="snipercamo" parent="." instance=ExtResource( 13 )]
transform = Transform( 1, 0, 0, 0, 1, 0, 0, 0, 1, 13.2547, 0.759133, -10.2919 )
script = ExtResource( 12 )
